<!DOCTYPE html>

<html>

<head>

<meta charset="utf-8" />
<meta name="generator" content="pandoc" />
<meta http-equiv="X-UA-Compatible" content="IE=EDGE" />


<meta name="author" content="Juan Edwards Molina" />


<title>Fitopatometría y la necesidad de un consenso general</title>

<script src="site_libs/header-attrs-2.1/header-attrs.js"></script>
<script src="site_libs/jquery-1.11.3/jquery.min.js"></script>
<meta name="viewport" content="width=device-width, initial-scale=1" />
<link href="site_libs/bootstrap-3.3.5/css/yeti.min.css" rel="stylesheet" />
<script src="site_libs/bootstrap-3.3.5/js/bootstrap.min.js"></script>
<script src="site_libs/bootstrap-3.3.5/shim/html5shiv.min.js"></script>
<script src="site_libs/bootstrap-3.3.5/shim/respond.min.js"></script>
<script src="site_libs/navigation-1.1/tabsets.js"></script>
<link href="site_libs/highlightjs-9.12.0/textmate.css" rel="stylesheet" />
<script src="site_libs/highlightjs-9.12.0/highlight.js"></script>
<script src="site_libs/htmlwidgets-1.5.1/htmlwidgets.js"></script>
<script src="site_libs/plotly-binding-4.9.2.1/plotly.js"></script>
<script src="site_libs/typedarray-0.1/typedarray.min.js"></script>
<link href="site_libs/crosstalk-1.0.0/css/crosstalk.css" rel="stylesheet" />
<script src="site_libs/crosstalk-1.0.0/js/crosstalk.min.js"></script>
<link href="site_libs/plotly-htmlwidgets-css-1.52.2/plotly-htmlwidgets.css" rel="stylesheet" />
<script src="site_libs/plotly-main-1.52.2/plotly-latest.min.js"></script>
<link href="site_libs/font-awesome-5.1.0/css/all.css" rel="stylesheet" />
<link href="site_libs/font-awesome-5.1.0/css/v4-shims.css" rel="stylesheet" />

<style type="text/css">code{white-space: pre;}</style>
<style type="text/css">
  pre:not([class]) {
    background-color: white;
  }
</style>
<script type="text/javascript">
if (window.hljs) {
  hljs.configure({languages: []});
  hljs.initHighlightingOnLoad();
  if (document.readyState && document.readyState === "complete") {
    window.setTimeout(function() { hljs.initHighlighting(); }, 0);
  }
}
</script>



<style type="text/css">
h1 {
  font-size: 34px;
}
h1.title {
  font-size: 38px;
}
h2 {
  font-size: 30px;
}
h3 {
  font-size: 24px;
}
h4 {
  font-size: 18px;
}
h5 {
  font-size: 16px;
}
h6 {
  font-size: 12px;
}
.table th:not([align]) {
  text-align: left;
}
</style>

<link rel="stylesheet" href="_site.css" type="text/css" />



<style type = "text/css">
.main-container {
  max-width: 940px;
  margin-left: auto;
  margin-right: auto;
}
code {
  color: inherit;
  background-color: rgba(0, 0, 0, 0.04);
}
img {
  max-width:100%;
}
.tabbed-pane {
  padding-top: 12px;
}
.html-widget {
  margin-bottom: 20px;
}
button.code-folding-btn:focus {
  outline: none;
}
summary {
  display: list-item;
}
</style>


<style type="text/css">
/* padding for bootstrap navbar */
body {
  padding-top: 45px;
  padding-bottom: 40px;
}
/* offset scroll position for anchor links (for fixed navbar)  */
.section h1 {
  padding-top: 50px;
  margin-top: -50px;
}
.section h2 {
  padding-top: 50px;
  margin-top: -50px;
}
.section h3 {
  padding-top: 50px;
  margin-top: -50px;
}
.section h4 {
  padding-top: 50px;
  margin-top: -50px;
}
.section h5 {
  padding-top: 50px;
  margin-top: -50px;
}
.section h6 {
  padding-top: 50px;
  margin-top: -50px;
}
.dropdown-submenu {
  position: relative;
}
.dropdown-submenu>.dropdown-menu {
  top: 0;
  left: 100%;
  margin-top: -6px;
  margin-left: -1px;
  border-radius: 0 6px 6px 6px;
}
.dropdown-submenu:hover>.dropdown-menu {
  display: block;
}
.dropdown-submenu>a:after {
  display: block;
  content: " ";
  float: right;
  width: 0;
  height: 0;
  border-color: transparent;
  border-style: solid;
  border-width: 5px 0 5px 5px;
  border-left-color: #cccccc;
  margin-top: 5px;
  margin-right: -10px;
}
.dropdown-submenu:hover>a:after {
  border-left-color: #ffffff;
}
.dropdown-submenu.pull-left {
  float: none;
}
.dropdown-submenu.pull-left>.dropdown-menu {
  left: -100%;
  margin-left: 10px;
  border-radius: 6px 0 6px 6px;
}
</style>

<script>
// manage active state of menu based on current page
$(document).ready(function () {
  // active menu anchor
  href = window.location.pathname
  href = href.substr(href.lastIndexOf('/') + 1)
  if (href === "")
    href = "index.html";
  var menuAnchor = $('a[href="' + href + '"]');

  // mark it active
  menuAnchor.parent().addClass('active');

  // if it's got a parent navbar menu mark it active as well
  menuAnchor.closest('li.dropdown').addClass('active');
});
</script>

<!-- tabsets -->

<style type="text/css">
.tabset-dropdown > .nav-tabs {
  display: inline-table;
  max-height: 500px;
  min-height: 44px;
  overflow-y: auto;
  background: white;
  border: 1px solid #ddd;
  border-radius: 4px;
}

.tabset-dropdown > .nav-tabs > li.active:before {
  content: "";
  font-family: 'Glyphicons Halflings';
  display: inline-block;
  padding: 10px;
  border-right: 1px solid #ddd;
}

.tabset-dropdown > .nav-tabs.nav-tabs-open > li.active:before {
  content: "&#xe258;";
  border: none;
}

.tabset-dropdown > .nav-tabs.nav-tabs-open:before {
  content: "";
  font-family: 'Glyphicons Halflings';
  display: inline-block;
  padding: 10px;
  border-right: 1px solid #ddd;
}

.tabset-dropdown > .nav-tabs > li.active {
  display: block;
}

.tabset-dropdown > .nav-tabs > li > a,
.tabset-dropdown > .nav-tabs > li > a:focus,
.tabset-dropdown > .nav-tabs > li > a:hover {
  border: none;
  display: inline-block;
  border-radius: 4px;
  background-color: transparent;
}

.tabset-dropdown > .nav-tabs.nav-tabs-open > li {
  display: block;
  float: none;
}

.tabset-dropdown > .nav-tabs > li {
  display: none;
}
</style>

<!-- code folding -->




</head>

<body>


<div class="container-fluid main-container">




<div class="navbar navbar-default  navbar-fixed-top" role="navigation">
  <div class="container">
    <div class="navbar-header">
      <button type="button" class="navbar-toggle collapsed" data-toggle="collapse" data-target="#navbar">
        <span class="icon-bar"></span>
        <span class="icon-bar"></span>
        <span class="icon-bar"></span>
      </button>
      <a class="navbar-brand" href="index.html"></a>
    </div>
    <div id="navbar" class="navbar-collapse collapse">
      <ul class="nav navbar-nav">
        <li>
  <a href="index.html">
    <span class="fa fa-home"></span>
     
  </a>
</li>
<li>
  <a href="https://twitter.com/juanchiem">
    <span class="fa fa-twitter"></span>
     
  </a>
</li>
<li>
  <a href="https://github.com/juanchiem">
    <span class="fa fa-github"></span>
     
  </a>
</li>
      </ul>
      <ul class="nav navbar-nav navbar-right">
        <li>
  <a href="cursos.html">Cursos</a>
</li>
      </ul>
    </div><!--/.nav-collapse -->
  </div><!--/.container -->
</div><!--/.navbar -->

<div class="fluid-row" id="header">



<h1 class="title toc-ignore">Fitopatometría y la necesidad de un consenso general</h1>
<h4 class="author">Juan Edwards Molina</h4>

</div>


<p><link rel="stylesheet" href="https://cdn.rawgit.com/jpswalsh/academicons/master/css/academicons.min.css"></p>
<hr />
<p>La cuantificación de enfermedades de cultivos es la piedra fundamental de cualquier estudio de fitopatología / epidemiología. Sin embargo, las métricas utilizadas para ello han sido y serán de gran discrepancia en la comunidad de fitopatólogos, monitoreadores y experimentadores. La fitopatometría es la rama de la fitopatología que cuantifica la enfermedad o los patógenos presentes en los diferentes niveles de organización, desde órgano a región.</p>
<p>Supongamos el siguiente ejemplo:</p>
<p><img src="https://docs.google.com/drawings/d/e/2PACX-1vSG5ML3zt_0_xk-z3H8wb1bH4Vs6Ip1lJHRIPKHC0WvG6NLTJ4KgWtRJe27dgny_FXPnzPss9BQmjAn/pub?w=882&amp;h=279" /></p>
<p>Es ampliamente aceptado que:</p>
<p>A nivel de órgano (hoja, fruto, inflorescencia, etc., para fines prácticos hablaremos de hojas en esta nota) la <strong>severidad</strong> es el <em>área de hoja ocupada por lesión de una enfermedad</em>.</p>
<p>A nivel de población de hojas (nivel de cultivo) la <strong>incidencia</strong> es el porcentaje (o proporción) de hojas con al menos una lesión de un total “n” de hojas evaluadas (I%), o sea:</p>
<p><span class="math inline">\(Incidencia = \frac{hj_e}{n} * 100 = \frac{4}{10} * 100 = 40\%\)</span></p>
<p>La gran ventaja de la <em>incidencia</em> es que, al tratarse de una variable binaria (está enferma o no, 1 y 0 respectivamente), carece de subjetividad.</p>
<p>La falta de consenso (o divergencia de adopción) ocurre cuando se habla severidad a nivel de población (o cultivo).</p>
<p>Según Madden¹, la <em>severidad</em> se obtiene de calcular el promedio de las severidades individuales de todas las hojas evaluadas (incluyendo las sanas), o sea una “severidad media general”. Madden agrega el concepto de <em>severidad condicional</em> para la severidad media de solo aquellas hojas enfermas.</p>
<p>En Argentina, existe variabilidad en la terminología: además de severidad e incidencia es común oír/leer <em>intensidad</em>, <em>severidad en sentido estricto</em> (severidad de sólo hojas enfermas) y <em>severidad en sentido amplio</em> (severidad de todas las hojas evaluadas). Esta amplitud de terminología conduce a inconsistencias en la comunicación.</p>
<p>Arbitrariamente, calcularemos la severidad (S%) promediando la severidad de solo hojas enfermas (“severidad en sentido estricto” o bien, la “severidad condicional” de Madden 2007):</p>
<p><span class="math inline">\(Severidad = promedio(10,1,5,7) = 5,75\%\)</span></p>
<p>Si quisiéramos establecer la “cantidad total” de enfermedad presente en nuestro cultivo, sin dudas debemos complementar la incidencia con la severidad (ambas expresadas en proporción para obtener un valor de intensidad entre 0-100). Calculamos así la <strong>intensidad</strong> (o bien la “severidad en sentido amplio”, o la “severidad” según Madden)</p>
<p><span class="math inline">\(Intensidad = I * S = (40/100 * 5,75/100)*100 = 2,3 \%\)</span></p>
<p><em>(Claramente se podría simplificar los cálculos, pero para fines didácticos, lo hacemos por extenso)</em></p>
<blockquote>
<p>En Argentina podríamos establecer: incidencia, severidad (solo hojas enfermas) e intensidad para estimar la enfermedad presente y compartir nuestros resultados</p>
</blockquote>
<div id="misma-intensidad-diferente-distribución-de-la-enfermedad" class="section level2">
<h2>Misma intensidad, diferente distribución de la enfermedad</h2>
<p>Siempre que cuantifiquemos la/s enfermedad/es presentes en un cultivo debemos ser detallistas en la información, ya que mismos niveles de enfermedades pueden representar diferentes situaciones a nivel de planta individual o de lote. Esto puede llevar a inconsistencias en la toma de decisión como uso de umbrales para aplicación de fungicidas, por ejemplo.</p>
<p>Un punto fundamental, es detallar sobre que porción del canopeo estamos haciendo la estimación, ya que una misma severidad por planta puede tener diferente distribución en el perfil del canopeo, con la potencial diferencia sobre el rendimiento.</p>
<p><img src="https://docs.google.com/drawings/d/e/2PACX-1vSESR-P4u_Gm_j-GxhTwy7R9GUEmBFLIgGATxjOkH_U39ScMT30e5UR_FfaNomyZ5ZxVKsUnn9Fz1SS/pub?w=635&amp;h=306" /></p>
<p>En este caso, la planta de soja de la izquierda tiene una distribución “piramidal” de los síntomas, en cambio la planta de la derecha es más uniforme en el perfil, lo que representaría un escenario mas conducente a pérdidas de rendimiento.</p>
<p>A nivel de lote la insuficiencia de información nos puede llevar a otro “enmascaramiento” de lo que realmente ocurre en el campo. Considerar los conceptos de incidencia, severidad e intensidad podría resultar ventajoso ya que aportaría información acerca de la distribución de la enfermedad en el cultivo. Veamos un nuevo ejemplo.</p>
<p><img src="dispress_figsunnamed-chunk-2-1.png" width="672" /></p>
<p>Aquí, A (20%I/80%S) y B (80%I/20%S) tienen exactamente la misma intensidad (16%) sin embargo representan dos situaciones completamente diferentes a nivel de lote: <strong>A</strong> podría deberse a una enfermedad iniciada en focos (roya estriada o amarilla del trigo) y <strong>B</strong> podría representar una enfermedad que se presenta en forma generalizada (roya de la hoja o anaranjada del trigo)</p>
<p>Continuando con el cultivo de trigo, es conocido que las mayor contribución al rendimiento es aportado por la hoja bandera (HB), luego HB-1, y HB-2. Por esto mismo podría establecerse estas 3 hojas como target de muestreo.</p>
<blockquote>
<p>Un mismo nivel de enfermedad puede representar situaciones diferentes, a nivel de planta y de cultivo</p>
</blockquote>
<p>Habiendo establecido las bases conceptuales de las métricas de cuantificación podemos pasar a otro punto fundamental que es establecer qué <strong>presión de enfermedad</strong> tiene un cultivo determinado, información clave para caracterizar años, localidades, situaciones de manejo, y fundamentalmente ensayos.</p>
<div id="estableciendo-la-presión-de-enfermedad-de-un-cultivo" class="section level3">
<h3>Estableciendo la presión de enfermedad de un cultivo</h3>
<p>La presión de enfermedad de una situación particular (ensayo, lote, región) es el marco fundamental para contextualizar una conversación de sanidad de cultivos. Curiosamente, escasean las fuentes de consultas sobre ello en Argentina.</p>
<p>Su establecimiento requiere de gran consenso de los especialistas de cada patosistema y podría variar entre regiones para fines epidemiológicos. O sea, un 7% de intensidad de manchas foliares en el estrato inferior de un trigo puede representar una gran amenaza para el rendimiento en una región cálida y húmeda, y en contraparte, algo poco riesgoso en una región mas fría. Estudios específicos deberían ser realizados “<em>in situ</em>” para establecer medidas de manejo como determinación de umbrales de decisión. De nada sirve extrapolar recomendaciones entre regiones agroecológicamente diferentes.</p>
<p>Veamos la relación directa entre incidencia, severidad e intensidad en el siguiente gráfico reactivo (puede cliquear sobre el área del gráfico para ver los valores de incidencia, severidad e intensidad)</p>
<div id="htmlwidget-6fa5e918cebe826c9e9c" style="width:672px;height:480px;" class="plotly html-widget"></div>
<script type="application/json" data-for="htmlwidget-6fa5e918cebe826c9e9c">{"x":{"data":[{"x":[1,2,3,4,5,6,7,8,9,10,11,12,13,14,15,16,17,18,19,20,21,22,23,24,25,26,27,28,29,30,31,32,33,34,35,36,37,38,39,40,41,42,43,44,45,46,47,48,49,50,51,52,53,54,55,56,57,58,59,60,61,62,63,64,65,66,67,68,69,70,71,72,73,74,75,76,77,78,79,80,81,82,83,84,85,86,87,88,89,90,91,92,93,94,95,96,97,98,99,100],"y":[1,2,3,4,5,6,7,8,9,10,11,12,13,14,15,16,17,18,19,20,21,22,23,24,25,26,27,28,29,30,31,32,33,34,35,36,37,38,39,40,41,42,43,44,45,46,47,48,49,50,51,52,53,54,55,56,57,58,59,60,61,62,63,64,65,66,67,68,69,70,71,72,73,74,75,76,77,78,79,80,81,82,83,84,85,86,87,88,89,90,91,92,93,94,95,96,97,98,99,100],"z":[[0,0.0001000100010001,0.0002000200020002,0.0003000300030003,0.0004000400040004,0.0005000500050005,0.0006000600060006,0.0007000700070007,0.0008000800080008,0.0009000900090009,0.001000100010001,0.0011001100110011,0.0012001200120012,0.0013001300130013,0.0014001400140014,0.0015001500150015,0.0016001600160016,0.0017001700170017,0.0018001800180018,0.0019001900190019,0.002000200020002,0.0021002100210021,0.0022002200220022,0.0023002300230023,0.0024002400240024,0.0025002500250025,0.0026002600260026,0.0027002700270027,0.0028002800280028,0.0029002900290029,0.003000300030003,0.0031003100310031,0.0032003200320032,0.0033003300330033,0.0034003400340034,0.0035003500350035,0.0036003600360036,0.0037003700370037,0.0038003800380038,0.0039003900390039,0.004000400040004,0.0041004100410041,0.0042004200420042,0.0043004300430043,0.0044004400440044,0.0045004500450045,0.0046004600460046,0.0047004700470047,0.0048004800480048,0.0049004900490049,0.005000500050005,0.0051005100510051,0.0052005200520052,0.0053005300530053,0.0054005400540054,0.0055005500550055,0.0056005600560056,0.0057005700570057,0.0058005800580058,0.0059005900590059,0.006000600060006,0.0061006100610061,0.0062006200620062,0.0063006300630063,0.0064006400640064,0.0065006500650065,0.0066006600660066,0.0067006700670067,0.0068006800680068,0.0069006900690069,0.007000700070007,0.0071007100710071,0.0072007200720072,0.0073007300730073,0.0074007400740074,0.0075007500750075,0.0076007600760076,0.0077007700770077,0.0078007800780078,0.0079007900790079,0.008000800080008,0.0081008100810081,0.0082008200820082,0.0083008300830083,0.0084008400840084,0.0085008500850085,0.0086008600860086,0.0087008700870087,0.0088008800880088,0.0089008900890089,0.009000900090009,0.0091009100910091,0.0092009200920092,0.0093009300930093,0.0094009400940094,0.0095009500950095,0.0096009600960096,0.0097009700970097,0.0098009800980098,0.0099009900990099],[0.0001000100010001,0.0003000300030003,0.0005000500050005,0.0007000700070007,0.0009000900090009,0.0011001100110011,0.0013001300130013,0.0015001500150015,0.0017001700170017,0.0019001900190019,0.0021002100210021,0.0023002300230023,0.0025002500250025,0.0027002700270027,0.0029002900290029,0.0031003100310031,0.0033003300330033,0.0035003500350035,0.0037003700370037,0.0039003900390039,0.0041004100410041,0.0043004300430043,0.0045004500450045,0.0047004700470047,0.0049004900490049,0.0051005100510051,0.0053005300530053,0.0055005500550055,0.0057005700570057,0.0059005900590059,0.0061006100610061,0.0063006300630063,0.0065006500650065,0.0067006700670067,0.0069006900690069,0.0071007100710071,0.0073007300730073,0.0075007500750075,0.0077007700770077,0.0079007900790079,0.0081008100810081,0.0083008300830083,0.0085008500850085,0.0087008700870087,0.0089008900890089,0.0091009100910091,0.0093009300930093,0.0095009500950095,0.0097009700970097,0.0099009900990099,0.0101010101010101,0.0103010301030103,0.0105010501050105,0.0107010701070107,0.0109010901090109,0.0111011101110111,0.0113011301130113,0.0115011501150115,0.0117011701170117,0.0119011901190119,0.0121012101210121,0.0123012301230123,0.0125012501250125,0.0127012701270127,0.0129012901290129,0.0131013101310131,0.0133013301330133,0.0135013501350135,0.0137013701370137,0.0139013901390139,0.0141014101410141,0.0143014301430143,0.0145014501450145,0.0147014701470147,0.0149014901490149,0.0151015101510151,0.0153015301530153,0.0155015501550155,0.0157015701570157,0.0159015901590159,0.0161016101610161,0.0163016301630163,0.0165016501650165,0.0167016701670167,0.0169016901690169,0.0171017101710171,0.0173017301730173,0.0175017501750175,0.0177017701770177,0.0179017901790179,0.0181018101810181,0.0183018301830183,0.0185018501850185,0.0187018701870187,0.0189018901890189,0.0191019101910191,0.0193019301930193,0.0195019501950195,0.0197019701970197,0.0199019901990199],[0.0002000200020002,0.0005000500050005,0.0008000800080008,0.0011001100110011,0.0014001400140014,0.0017001700170017,0.002000200020002,0.0023002300230023,0.0026002600260026,0.0029002900290029,0.0032003200320032,0.0035003500350035,0.0038003800380038,0.0041004100410041,0.0044004400440044,0.0047004700470047,0.005000500050005,0.0053005300530053,0.0056005600560056,0.0059005900590059,0.0062006200620062,0.0065006500650065,0.0068006800680068,0.0071007100710071,0.0074007400740074,0.0077007700770077,0.008000800080008,0.0083008300830083,0.0086008600860086,0.0089008900890089,0.0092009200920092,0.0095009500950095,0.0098009800980098,0.0101010101010101,0.0104010401040104,0.0107010701070107,0.011001100110011,0.0113011301130113,0.0116011601160116,0.0119011901190119,0.0122012201220122,0.0125012501250125,0.0128012801280128,0.0131013101310131,0.0134013401340134,0.0137013701370137,0.014001400140014,0.0143014301430143,0.0146014601460146,0.0149014901490149,0.0152015201520152,0.0155015501550155,0.0158015801580158,0.0161016101610161,0.0164016401640164,0.0167016701670167,0.017001700170017,0.0173017301730173,0.0176017601760176,0.0179017901790179,0.0182018201820182,0.0185018501850185,0.0188018801880188,0.0191019101910191,0.0194019401940194,0.0197019701970197,0.02000200020002,0.0203020302030203,0.0206020602060206,0.0209020902090209,0.0212021202120212,0.0215021502150215,0.0218021802180218,0.0221022102210221,0.0224022402240224,0.0227022702270227,0.023002300230023,0.0233023302330233,0.0236023602360236,0.0239023902390239,0.0242024202420242,0.0245024502450245,0.0248024802480248,0.0251025102510251,0.0254025402540254,0.0257025702570257,0.026002600260026,0.0263026302630263,0.0266026602660266,0.0269026902690269,0.0272027202720272,0.0275027502750275,0.0278027802780278,0.0281028102810281,0.0284028402840284,0.0287028702870287,0.029002900290029,0.0293029302930293,0.0296029602960296,0.0299029902990299],[0.0003000300030003,0.0007000700070007,0.0011001100110011,0.0015001500150015,0.0019001900190019,0.0023002300230023,0.0027002700270027,0.0031003100310031,0.0035003500350035,0.0039003900390039,0.0043004300430043,0.0047004700470047,0.0051005100510051,0.0055005500550055,0.0059005900590059,0.0063006300630063,0.0067006700670067,0.0071007100710071,0.0075007500750075,0.0079007900790079,0.0083008300830083,0.0087008700870087,0.0091009100910091,0.0095009500950095,0.0099009900990099,0.0103010301030103,0.0107010701070107,0.0111011101110111,0.0115011501150115,0.0119011901190119,0.0123012301230123,0.0127012701270127,0.0131013101310131,0.0135013501350135,0.0139013901390139,0.0143014301430143,0.0147014701470147,0.0151015101510151,0.0155015501550155,0.0159015901590159,0.0163016301630163,0.0167016701670167,0.0171017101710171,0.0175017501750175,0.0179017901790179,0.0183018301830183,0.0187018701870187,0.0191019101910191,0.0195019501950195,0.0199019901990199,0.0203020302030203,0.0207020702070207,0.0211021102110211,0.0215021502150215,0.0219021902190219,0.0223022302230223,0.0227022702270227,0.0231023102310231,0.0235023502350235,0.0239023902390239,0.0243024302430243,0.0247024702470247,0.0251025102510251,0.0255025502550255,0.0259025902590259,0.0263026302630263,0.0267026702670267,0.0271027102710271,0.0275027502750275,0.0279027902790279,0.0283028302830283,0.0287028702870287,0.0291029102910291,0.0295029502950295,0.0299029902990299,0.0303030303030303,0.0307030703070307,0.0311031103110311,0.0315031503150315,0.0319031903190319,0.0323032303230323,0.0327032703270327,0.0331033103310331,0.0335033503350335,0.0339033903390339,0.0343034303430343,0.0347034703470347,0.0351035103510351,0.0355035503550355,0.0359035903590359,0.0363036303630363,0.0367036703670367,0.0371037103710371,0.0375037503750375,0.0379037903790379,0.0383038303830383,0.0387038703870387,0.0391039103910391,0.0395039503950395,0.0399039903990399],[0.0004000400040004,0.0009000900090009,0.0014001400140014,0.0019001900190019,0.0024002400240024,0.0029002900290029,0.0034003400340034,0.0039003900390039,0.0044004400440044,0.0049004900490049,0.0054005400540054,0.0059005900590059,0.0064006400640064,0.0069006900690069,0.0074007400740074,0.0079007900790079,0.0084008400840084,0.0089008900890089,0.0094009400940094,0.0099009900990099,0.0104010401040104,0.0109010901090109,0.0114011401140114,0.0119011901190119,0.0124012401240124,0.0129012901290129,0.0134013401340134,0.0139013901390139,0.0144014401440144,0.0149014901490149,0.0154015401540154,0.0159015901590159,0.0164016401640164,0.0169016901690169,0.0174017401740174,0.0179017901790179,0.0184018401840184,0.0189018901890189,0.0194019401940194,0.0199019901990199,0.0204020402040204,0.0209020902090209,0.0214021402140214,0.0219021902190219,0.0224022402240224,0.0229022902290229,0.0234023402340234,0.0239023902390239,0.0244024402440244,0.0249024902490249,0.0254025402540254,0.0259025902590259,0.0264026402640264,0.0269026902690269,0.0274027402740274,0.0279027902790279,0.0284028402840284,0.0289028902890289,0.0294029402940294,0.0299029902990299,0.0304030403040304,0.0309030903090309,0.0314031403140314,0.0319031903190319,0.0324032403240324,0.0329032903290329,0.0334033403340334,0.0339033903390339,0.0344034403440344,0.0349034903490349,0.0354035403540354,0.0359035903590359,0.0364036403640364,0.0369036903690369,0.0374037403740374,0.0379037903790379,0.0384038403840384,0.0389038903890389,0.0394039403940394,0.0399039903990399,0.0404040404040404,0.0409040904090409,0.0414041404140414,0.0419041904190419,0.0424042404240424,0.0429042904290429,0.0434043404340434,0.0439043904390439,0.0444044404440444,0.0449044904490449,0.0454045404540454,0.0459045904590459,0.0464046404640464,0.0469046904690469,0.0474047404740474,0.0479047904790479,0.0484048404840484,0.0489048904890489,0.0494049404940494,0.0499049904990499],[0.0005000500050005,0.0011001100110011,0.0017001700170017,0.0023002300230023,0.0029002900290029,0.0035003500350035,0.0041004100410041,0.0047004700470047,0.0053005300530053,0.0059005900590059,0.0065006500650065,0.0071007100710071,0.0077007700770077,0.0083008300830083,0.0089008900890089,0.0095009500950095,0.0101010101010101,0.0107010701070107,0.0113011301130113,0.0119011901190119,0.0125012501250125,0.0131013101310131,0.0137013701370137,0.0143014301430143,0.0149014901490149,0.0155015501550155,0.0161016101610161,0.0167016701670167,0.0173017301730173,0.0179017901790179,0.0185018501850185,0.0191019101910191,0.0197019701970197,0.0203020302030203,0.0209020902090209,0.0215021502150215,0.0221022102210221,0.0227022702270227,0.0233023302330233,0.0239023902390239,0.0245024502450245,0.0251025102510251,0.0257025702570257,0.0263026302630263,0.0269026902690269,0.0275027502750275,0.0281028102810281,0.0287028702870287,0.0293029302930293,0.0299029902990299,0.0305030503050305,0.0311031103110311,0.0317031703170317,0.0323032303230323,0.0329032903290329,0.0335033503350335,0.0341034103410341,0.0347034703470347,0.0353035303530353,0.0359035903590359,0.0365036503650365,0.0371037103710371,0.0377037703770377,0.0383038303830383,0.0389038903890389,0.0395039503950395,0.0401040104010401,0.0407040704070407,0.0413041304130413,0.0419041904190419,0.0425042504250425,0.0431043104310431,0.0437043704370437,0.0443044304430443,0.0449044904490449,0.0455045504550455,0.0461046104610461,0.0467046704670467,0.0473047304730473,0.0479047904790479,0.0485048504850485,0.0491049104910491,0.0497049704970497,0.0503050305030503,0.0509050905090509,0.0515051505150515,0.0521052105210521,0.0527052705270527,0.0533053305330533,0.0539053905390539,0.0545054505450545,0.0551055105510551,0.0557055705570557,0.0563056305630563,0.0569056905690569,0.0575057505750575,0.0581058105810581,0.0587058705870587,0.0593059305930593,0.0599059905990599],[0.0006000600060006,0.0013001300130013,0.002000200020002,0.0027002700270027,0.0034003400340034,0.0041004100410041,0.0048004800480048,0.0055005500550055,0.0062006200620062,0.0069006900690069,0.0076007600760076,0.0083008300830083,0.009000900090009,0.0097009700970097,0.0104010401040104,0.0111011101110111,0.0118011801180118,0.0125012501250125,0.0132013201320132,0.0139013901390139,0.0146014601460146,0.0153015301530153,0.016001600160016,0.0167016701670167,0.0174017401740174,0.0181018101810181,0.0188018801880188,0.0195019501950195,0.0202020202020202,0.0209020902090209,0.0216021602160216,0.0223022302230223,0.023002300230023,0.0237023702370237,0.0244024402440244,0.0251025102510251,0.0258025802580258,0.0265026502650265,0.0272027202720272,0.0279027902790279,0.0286028602860286,0.0293029302930293,0.03000300030003,0.0307030703070307,0.0314031403140314,0.0321032103210321,0.0328032803280328,0.0335033503350335,0.0342034203420342,0.0349034903490349,0.0356035603560356,0.0363036303630363,0.037003700370037,0.0377037703770377,0.0384038403840384,0.0391039103910391,0.0398039803980398,0.0405040504050405,0.0412041204120412,0.0419041904190419,0.0426042604260426,0.0433043304330433,0.044004400440044,0.0447044704470447,0.0454045404540454,0.0461046104610461,0.0468046804680468,0.0475047504750475,0.0482048204820482,0.0489048904890489,0.0496049604960496,0.0503050305030503,0.051005100510051,0.0517051705170517,0.0524052405240524,0.0531053105310531,0.0538053805380538,0.0545054505450545,0.0552055205520552,0.0559055905590559,0.0566056605660566,0.0573057305730573,0.058005800580058,0.0587058705870587,0.0594059405940594,0.0601060106010601,0.0608060806080608,0.0615061506150615,0.0622062206220622,0.0629062906290629,0.0636063606360636,0.0643064306430643,0.065006500650065,0.0657065706570657,0.0664066406640664,0.0671067106710671,0.0678067806780678,0.0685068506850685,0.0692069206920692,0.0699069906990699],[0.0007000700070007,0.0015001500150015,0.0023002300230023,0.0031003100310031,0.0039003900390039,0.0047004700470047,0.0055005500550055,0.0063006300630063,0.0071007100710071,0.0079007900790079,0.0087008700870087,0.0095009500950095,0.0103010301030103,0.0111011101110111,0.0119011901190119,0.0127012701270127,0.0135013501350135,0.0143014301430143,0.0151015101510151,0.0159015901590159,0.0167016701670167,0.0175017501750175,0.0183018301830183,0.0191019101910191,0.0199019901990199,0.0207020702070207,0.0215021502150215,0.0223022302230223,0.0231023102310231,0.0239023902390239,0.0247024702470247,0.0255025502550255,0.0263026302630263,0.0271027102710271,0.0279027902790279,0.0287028702870287,0.0295029502950295,0.0303030303030303,0.0311031103110311,0.0319031903190319,0.0327032703270327,0.0335033503350335,0.0343034303430343,0.0351035103510351,0.0359035903590359,0.0367036703670367,0.0375037503750375,0.0383038303830383,0.0391039103910391,0.0399039903990399,0.0407040704070407,0.0415041504150415,0.0423042304230423,0.0431043104310431,0.0439043904390439,0.0447044704470447,0.0455045504550455,0.0463046304630463,0.0471047104710471,0.0479047904790479,0.0487048704870487,0.0495049504950495,0.0503050305030503,0.0511051105110511,0.0519051905190519,0.0527052705270527,0.0535053505350535,0.0543054305430543,0.0551055105510551,0.0559055905590559,0.0567056705670567,0.0575057505750575,0.0583058305830583,0.0591059105910591,0.0599059905990599,0.0607060706070607,0.0615061506150615,0.0623062306230623,0.0631063106310631,0.0639063906390639,0.0647064706470647,0.0655065506550655,0.0663066306630663,0.0671067106710671,0.0679067906790679,0.0687068706870687,0.0695069506950695,0.0703070307030703,0.0711071107110711,0.0719071907190719,0.0727072707270727,0.0735073507350735,0.0743074307430743,0.0751075107510751,0.0759075907590759,0.0767076707670767,0.0775077507750775,0.0783078307830783,0.0791079107910791,0.0799079907990799],[0.0008000800080008,0.0017001700170017,0.0026002600260026,0.0035003500350035,0.0044004400440044,0.0053005300530053,0.0062006200620062,0.0071007100710071,0.008000800080008,0.0089008900890089,0.0098009800980098,0.0107010701070107,0.0116011601160116,0.0125012501250125,0.0134013401340134,0.0143014301430143,0.0152015201520152,0.0161016101610161,0.017001700170017,0.0179017901790179,0.0188018801880188,0.0197019701970197,0.0206020602060206,0.0215021502150215,0.0224022402240224,0.0233023302330233,0.0242024202420242,0.0251025102510251,0.026002600260026,0.0269026902690269,0.0278027802780278,0.0287028702870287,0.0296029602960296,0.0305030503050305,0.0314031403140314,0.0323032303230323,0.0332033203320332,0.0341034103410341,0.035003500350035,0.0359035903590359,0.0368036803680368,0.0377037703770377,0.0386038603860386,0.0395039503950395,0.0404040404040404,0.0413041304130413,0.0422042204220422,0.0431043104310431,0.044004400440044,0.0449044904490449,0.0458045804580458,0.0467046704670467,0.0476047604760476,0.0485048504850485,0.0494049404940494,0.0503050305030503,0.0512051205120512,0.0521052105210521,0.053005300530053,0.0539053905390539,0.0548054805480548,0.0557055705570557,0.0566056605660566,0.0575057505750575,0.0584058405840584,0.0593059305930593,0.0602060206020602,0.0611061106110611,0.062006200620062,0.0629062906290629,0.0638063806380638,0.0647064706470647,0.0656065606560656,0.0665066506650665,0.0674067406740674,0.0683068306830683,0.0692069206920692,0.0701070107010701,0.071007100710071,0.0719071907190719,0.0728072807280728,0.0737073707370737,0.0746074607460746,0.0755075507550755,0.0764076407640764,0.0773077307730773,0.0782078207820782,0.0791079107910791,0.08000800080008,0.0809080908090809,0.0818081808180818,0.0827082708270827,0.0836083608360836,0.0845084508450845,0.0854085408540854,0.0863086308630863,0.0872087208720872,0.0881088108810881,0.089008900890089,0.0899089908990899],[0.0009000900090009,0.0019001900190019,0.0029002900290029,0.0039003900390039,0.0049004900490049,0.0059005900590059,0.0069006900690069,0.0079007900790079,0.0089008900890089,0.0099009900990099,0.0109010901090109,0.0119011901190119,0.0129012901290129,0.0139013901390139,0.0149014901490149,0.0159015901590159,0.0169016901690169,0.0179017901790179,0.0189018901890189,0.0199019901990199,0.0209020902090209,0.0219021902190219,0.0229022902290229,0.0239023902390239,0.0249024902490249,0.0259025902590259,0.0269026902690269,0.0279027902790279,0.0289028902890289,0.0299029902990299,0.0309030903090309,0.0319031903190319,0.0329032903290329,0.0339033903390339,0.0349034903490349,0.0359035903590359,0.0369036903690369,0.0379037903790379,0.0389038903890389,0.0399039903990399,0.0409040904090409,0.0419041904190419,0.0429042904290429,0.0439043904390439,0.0449044904490449,0.0459045904590459,0.0469046904690469,0.0479047904790479,0.0489048904890489,0.0499049904990499,0.0509050905090509,0.0519051905190519,0.0529052905290529,0.0539053905390539,0.0549054905490549,0.0559055905590559,0.0569056905690569,0.0579057905790579,0.0589058905890589,0.0599059905990599,0.0609060906090609,0.0619061906190619,0.0629062906290629,0.0639063906390639,0.0649064906490649,0.0659065906590659,0.0669066906690669,0.0679067906790679,0.0689068906890689,0.0699069906990699,0.0709070907090709,0.0719071907190719,0.0729072907290729,0.0739073907390739,0.0749074907490749,0.0759075907590759,0.0769076907690769,0.0779077907790779,0.0789078907890789,0.0799079907990799,0.0809080908090809,0.0819081908190819,0.0829082908290829,0.0839083908390839,0.0849084908490849,0.0859085908590859,0.0869086908690869,0.0879087908790879,0.0889088908890889,0.0899089908990899,0.0909090909090909,0.0919091909190919,0.0929092909290929,0.0939093909390939,0.0949094909490949,0.0959095909590959,0.0969096909690969,0.0979097909790979,0.0989098909890989,0.0999099909990999],[0.001000100010001,0.0021002100210021,0.0032003200320032,0.0043004300430043,0.0054005400540054,0.0065006500650065,0.0076007600760076,0.0087008700870087,0.0098009800980098,0.0109010901090109,0.012001200120012,0.0131013101310131,0.0142014201420142,0.0153015301530153,0.0164016401640164,0.0175017501750175,0.0186018601860186,0.0197019701970197,0.0208020802080208,0.0219021902190219,0.023002300230023,0.0241024102410241,0.0252025202520252,0.0263026302630263,0.0274027402740274,0.0285028502850285,0.0296029602960296,0.0307030703070307,0.0318031803180318,0.0329032903290329,0.034003400340034,0.0351035103510351,0.0362036203620362,0.0373037303730373,0.0384038403840384,0.0395039503950395,0.0406040604060406,0.0417041704170417,0.0428042804280428,0.0439043904390439,0.045004500450045,0.0461046104610461,0.0472047204720472,0.0483048304830483,0.0494049404940494,0.0505050505050505,0.0516051605160516,0.0527052705270527,0.0538053805380538,0.0549054905490549,0.056005600560056,0.0571057105710571,0.0582058205820582,0.0593059305930593,0.0604060406040604,0.0615061506150615,0.0626062606260626,0.0637063706370637,0.0648064806480648,0.0659065906590659,0.067006700670067,0.0681068106810681,0.0692069206920692,0.0703070307030703,0.0714071407140714,0.0725072507250725,0.0736073607360736,0.0747074707470747,0.0758075807580758,0.0769076907690769,0.078007800780078,0.0791079107910791,0.0802080208020802,0.0813081308130813,0.0824082408240824,0.0835083508350835,0.0846084608460846,0.0857085708570857,0.0868086808680868,0.0879087908790879,0.089008900890089,0.0901090109010901,0.0912091209120912,0.0923092309230923,0.0934093409340934,0.0945094509450945,0.0956095609560956,0.0967096709670967,0.0978097809780978,0.0989098909890989,0.1000100010001,0.101110111011101,0.102210221022102,0.103310331033103,0.104410441044104,0.105510551055106,0.106610661066107,0.107710771077108,0.108810881088109,0.10991099109911],[0.0011001100110011,0.0023002300230023,0.0035003500350035,0.0047004700470047,0.0059005900590059,0.0071007100710071,0.0083008300830083,0.0095009500950095,0.0107010701070107,0.0119011901190119,0.0131013101310131,0.0143014301430143,0.0155015501550155,0.0167016701670167,0.0179017901790179,0.0191019101910191,0.0203020302030203,0.0215021502150215,0.0227022702270227,0.0239023902390239,0.0251025102510251,0.0263026302630263,0.0275027502750275,0.0287028702870287,0.0299029902990299,0.0311031103110311,0.0323032303230323,0.0335033503350335,0.0347034703470347,0.0359035903590359,0.0371037103710371,0.0383038303830383,0.0395039503950395,0.0407040704070407,0.0419041904190419,0.0431043104310431,0.0443044304430443,0.0455045504550455,0.0467046704670467,0.0479047904790479,0.0491049104910491,0.0503050305030503,0.0515051505150515,0.0527052705270527,0.0539053905390539,0.0551055105510551,0.0563056305630563,0.0575057505750575,0.0587058705870587,0.0599059905990599,0.0611061106110611,0.0623062306230623,0.0635063506350635,0.0647064706470647,0.0659065906590659,0.0671067106710671,0.0683068306830683,0.0695069506950695,0.0707070707070707,0.0719071907190719,0.0731073107310731,0.0743074307430743,0.0755075507550755,0.0767076707670767,0.0779077907790779,0.0791079107910791,0.0803080308030803,0.0815081508150815,0.0827082708270827,0.0839083908390839,0.0851085108510851,0.0863086308630863,0.0875087508750875,0.0887088708870887,0.0899089908990899,0.0911091109110911,0.0923092309230923,0.0935093509350935,0.0947094709470947,0.0959095909590959,0.0971097109710971,0.0983098309830983,0.0995099509950995,0.100710071007101,0.101910191019102,0.103110311031103,0.104310431043104,0.105510551055106,0.106710671067107,0.107910791079108,0.109110911091109,0.11031103110311,0.111511151115112,0.112711271127113,0.113911391139114,0.115111511151115,0.116311631163116,0.117511751175118,0.118711871187119,0.11991199119912],[0.0012001200120012,0.0025002500250025,0.0038003800380038,0.0051005100510051,0.0064006400640064,0.0077007700770077,0.009000900090009,0.0103010301030103,0.0116011601160116,0.0129012901290129,0.0142014201420142,0.0155015501550155,0.0168016801680168,0.0181018101810181,0.0194019401940194,0.0207020702070207,0.022002200220022,0.0233023302330233,0.0246024602460246,0.0259025902590259,0.0272027202720272,0.0285028502850285,0.0298029802980298,0.0311031103110311,0.0324032403240324,0.0337033703370337,0.035003500350035,0.0363036303630363,0.0376037603760376,0.0389038903890389,0.0402040204020402,0.0415041504150415,0.0428042804280428,0.0441044104410441,0.0454045404540454,0.0467046704670467,0.048004800480048,0.0493049304930493,0.0506050605060506,0.0519051905190519,0.0532053205320532,0.0545054505450545,0.0558055805580558,0.0571057105710571,0.0584058405840584,0.0597059705970597,0.061006100610061,0.0623062306230623,0.0636063606360636,0.0649064906490649,0.0662066206620662,0.0675067506750675,0.0688068806880688,0.0701070107010701,0.0714071407140714,0.0727072707270727,0.074007400740074,0.0753075307530753,0.0766076607660766,0.0779077907790779,0.0792079207920792,0.0805080508050805,0.0818081808180818,0.0831083108310831,0.0844084408440844,0.0857085708570857,0.087008700870087,0.0883088308830883,0.0896089608960896,0.0909090909090909,0.0922092209220922,0.0935093509350935,0.0948094809480948,0.0961096109610961,0.0974097409740974,0.0987098709870987,0.1000100010001,0.101310131013101,0.102610261026103,0.103910391039104,0.105210521052105,0.106510651065107,0.107810781078108,0.109110911091109,0.11041104110411,0.111711171117112,0.113011301130113,0.114311431143114,0.115611561156116,0.116911691169117,0.118211821182118,0.11951195119512,0.120812081208121,0.122112211221122,0.123412341234123,0.124712471247125,0.126012601260126,0.127312731273127,0.128612861286129,0.12991299129913],[0.0013001300130013,0.0027002700270027,0.0041004100410041,0.0055005500550055,0.0069006900690069,0.0083008300830083,0.0097009700970097,0.0111011101110111,0.0125012501250125,0.0139013901390139,0.0153015301530153,0.0167016701670167,0.0181018101810181,0.0195019501950195,0.0209020902090209,0.0223022302230223,0.0237023702370237,0.0251025102510251,0.0265026502650265,0.0279027902790279,0.02930293029